111111111111111111111111111111
100000000000100011000000000001
10000000000010c011000000000001
100000000000100011000000e00001
100000000000000011000100000001
100000000000000011000100000001
111100111111111111000100000001
100000000000000000000100000001
100000000000000000000111001111
111111111111111001111111001111
100000000000010000100000000001
100000000000010000100000000001
100000011100111111100000000001
100000010000000000100000000001
100000010000000000000000000001
100@00010000010000000000000001
100000010d00011111111111111111
111111111001111111111111111111