11111111111111d011111111111111
100000000000010010000000000001
100000@00000010010000000000001
100000000000010010000000100001
100000000000010010000000100001
100000000000010010000000100001
100111111111110011001111100001
100010000000010010000000100001
10001000000001001000k000100001
100010001000010011111111100001
100010001000010000000000100001
100010001000010000000000100001
100010001000010000000000100001
100000001000111111111001100001
100000001000000000000000100001
1111111110000000000e0000000001
111111111000000000000000000001
111111111111111111111111111111