111111111111111111111111111111
100000000000010011000000000001
100000000000010011000000000001
100000c00000010011000000e00001
100000000000000011000100000001
100000000000000011000100000001
111100111111111110000100000001
100000000000000000000100000001
100000000000000000011111001111
111111111111110000100000000001
100000000000010000100000000001
100000000000010000100000000001
100000011100111111100000000001
100000010000000000100000000001
100000010000000000000000000001
100@00010000010000000000000001
100000010000011111111111111111
111111111d01111111111111111111