111111111111110011111111111111
100000000000110011000000000001
100000000000110011000000000001
100000000000000000000000000001
100000000000000000000000000001
100000000000000000000000000001
100000000000001100000000000001
100000000000001100000000000001
100000000000110011000000000001
100000000000110011000000000001
100000000000001100000000000001
100000000000001100000000000001
100000000000000000000000000001
100000000000000000000000000001
100000000000000000000000000001
100000000000000000000000000001
100000000000000000000000000001
111111111111111111111111111111